691 1542007027 1665.400000 -1.000000 -101.000000 0.000000 0.000000
691 1542007028 1665.400000 -1.000000 -101.000000 0.000000 0.000000
691 1542007029 1665.400000 -1.000000 -101.000000 0.000000 0.000000
691 1542007030 1665.400000 -1.000000 -101.000000 0.000000 0.000000
691 1542007031 1665.400000 -1.000000 -101.000000 0.000000 0.000000
691 1542007032 1665.400000 -1.000000 -101.000000 0.000000 0.000000
691 1542007033 1665.400000 -1.000000 -101.000000 0.000000 0.000000
691 1542007034 1665.400000 -1.000000 -101.000000 0.000000 0.000000
691 1542007035 1665.400000 -1.000000 -101.000000 0.000000 0.000000
691 1542007036 1665.400000 -1.000000 -101.000000 0.000000 0.000000
691 1542007037 3330.800000 -1.000000 -101.000000 0.000000 0.000000
691 1542007038 3330.800000 -1.000000 -101.000000 0.000000 0.000000
691 1542007039 3330.800000 -1.000000 -101.000000 0.000000 0.000000
691 1542007040 3330.800000 -1.000000 -101.000000 0.000000 0.000000
691 1542007041 3330.800000 -1.000000 -101.000000 0.000000 0.000000
691 1542007042 4996.200000 -1.000000 -101.000000 0.000000 0.000000
691 1542007043 4996.200000 -1.000000 -101.000000 0.000000 0.000000
691 1542007044 4996.200000 -1.000000 -101.000000 0.000000 0.000000
691 1542007045 4996.200000 -1.000000 -101.000000 0.000000 0.000000
691 1542007046 4996.200000 -1.000000 -101.000000 0.000000 0.000000
691 1542007052 4996.200000 -1.000000 -101.000000 0.000000 0.000000
691 1542007053 4996.200000 -1.000000 -101.000000 0.000000 0.000000
691 1542007054 4996.200000 -1.000000 -101.000000 0.000000 0.000000
691 1542007055 4996.200000 -1.000000 -101.000000 0.000000 0.000000
691 1542007056 4996.200000 -1.000000 -101.000000 0.000000 0.000000
691 1542007057 1665.400000 -1.000000 -101.000000 0.000000 0.000000
691 1542007058 1665.400000 -1.000000 -101.000000 0.000000 0.000000
691 1542007059 1665.400000 -1.000000 -101.000000 0.000000 0.000000
691 1542007060 1665.400000 -1.000000 -101.000000 0.000000 0.000000
691 1542007061 1665.400000 -1.000000 -101.000000 0.000000 0.000000
691 1542007062 792061.400000 -1.000000 -101.000000 0.000000 0.000000
691 1542007063 792061.400000 -1.000000 -101.000000 0.000000 0.000000
691 1542007064 792061.400000 -1.000000 -101.000000 0.000000 0.000000
691 1542007065 792061.400000 -1.000000 -101.000000 0.000000 0.000000
691 1542007066 792061.400000 -1.000000 -101.000000 0.000000 0.000000
691 1542007067 314019.800000 -1.000000 -101.000000 0.000000 0.000000
691 1542007068 314019.800000 -1.000000 -101.000000 0.000000 0.000000
691 1542007069 314019.800000 -1.000000 -101.000000 0.000000 0.000000
691 1542007070 314019.800000 -1.000000 -101.000000 0.000000 0.000000
691 1542007071 314019.800000 -1.000000 -101.000000 0.000000 0.000000
691 1542007072 125629.000000 -1.000000 -101.000000 0.000000 0.000000
691 1542007073 125629.000000 -1.000000 -101.000000 0.000000 0.000000
691 1542007074 125629.000000 -1.000000 -101.000000 0.000000 0.000000
691 1542007075 125629.000000 -1.000000 -101.000000 0.000000 0.000000
691 1542007076 125629.000000 -1.000000 -101.000000 0.000000 0.000000
691 1542007077 894535.600000 -1.000000 -101.000000 0.000000 0.000000
691 1542007078 894535.600000 -1.000000 -101.000000 0.000000 0.000000
691 1542007079 894535.600000 -1.000000 -101.000000 0.000000 0.000000
691 1542007080 894535.600000 -1.000000 -101.000000 0.000000 0.000000
691 1542007081 894535.600000 -1.000000 -101.000000 0.000000 0.000000
691 1542007082 380831.400000 -1.000000 -101.000000 0.000000 0.000000
691 1542007083 380831.400000 -1.000000 -101.000000 0.000000 0.000000
691 1542007084 380831.400000 -1.000000 -101.000000 0.000000 0.000000
691 1542007085 380831.400000 -1.000000 -101.000000 0.000000 0.000000
691 1542007086 380831.400000 -1.000000 -101.000000 0.000000 0.000000
691 1542007087 1108042.400000 -1.000000 -101.000000 0.000000 0.000000
691 1542007088 1108042.400000 -1.000000 -101.000000 0.000000 0.000000
691 1542007089 1108042.400000 -1.000000 -101.000000 0.000000 0.000000
691 1542007090 1108042.400000 -1.000000 -101.000000 0.000000 0.000000
691 1542007091 1108042.400000 -1.000000 -101.000000 0.000000 0.000000
691 1542007092 4366180.800000 -1.000000 -101.000000 0.000000 0.000000
691 1542007093 4366180.800000 -1.000000 -101.000000 0.000000 0.000000
691 1542007094 4366180.800000 -1.000000 -101.000000 0.000000 0.000000
691 1542007095 4366180.800000 -1.000000 -101.000000 0.000000 0.000000
691 1542007096 4366180.800000 -1.000000 -101.000000 0.000000 0.000000
691 1542007097 440417.200000 -1.000000 -101.000000 0.000000 0.000000
691 1542007098 440417.200000 -1.000000 -101.000000 0.000000 0.000000
691 1542007099 440417.200000 -1.000000 -101.000000 0.000000 0.000000
691 1542007100 440417.200000 -1.000000 -101.000000 0.000000 0.000000
691 1542007101 440417.200000 -1.000000 -101.000000 0.000000 0.000000
691 1542007102 1166973.000000 -1.000000 -101.000000 0.000000 0.000000
691 1542007103 1166973.000000 -1.000000 -101.000000 0.000000 0.000000
691 1542007104 1166973.000000 -1.000000 -101.000000 0.000000 0.000000
691 1542007105 1166973.000000 -1.000000 -101.000000 0.000000 0.000000
691 1542007106 1166973.000000 -1.000000 -101.000000 0.000000 0.000000
691 1542007112 95673.400000 -1.000000 -101.000000 0.000000 0.000000
691 1542007113 95673.400000 -1.000000 -101.000000 0.000000 0.000000
691 1542007114 95673.400000 -1.000000 -101.000000 0.000000 0.000000
691 1542007115 95673.400000 -1.000000 -101.000000 0.000000 0.000000
691 1542007116 95673.400000 -1.000000 -101.000000 0.000000 0.000000
691 1542007117 413578.400000 -1.000000 -101.000000 0.000000 0.000000
691 1542007118 413578.400000 -1.000000 -101.000000 0.000000 0.000000
691 1542007119 413578.400000 -1.000000 -101.000000 0.000000 0.000000
691 1542007120 413578.400000 -1.000000 -101.000000 0.000000 0.000000
691 1542007121 413578.400000 -1.000000 -101.000000 0.000000 0.000000
691 1542007122 20395.600000 -1.000000 -101.000000 0.000000 0.000000
691 1542007123 20395.600000 -1.000000 -101.000000 0.000000 0.000000
691 1542007124 20395.600000 -1.000000 -101.000000 0.000000 0.000000
691 1542007125 20395.600000 -1.000000 -101.000000 0.000000 0.000000
691 1542007126 20395.600000 -1.000000 -101.000000 0.000000 0.000000
691 1542007132 650937.600000 -1.000000 -101.000000 0.000000 0.000000
691 1542007133 650937.600000 -1.000000 -101.000000 0.000000 0.000000
691 1542007134 650937.600000 -1.000000 -101.000000 0.000000 0.000000
691 1542007135 650937.600000 -1.000000 -101.000000 0.000000 0.000000
691 1542007136 650937.600000 -1.000000 -101.000000 0.000000 0.000000
691 1542007137 794315.000000 -1.000000 -101.000000 0.000000 0.000000
691 1542007138 794315.000000 -1.000000 -101.000000 0.000000 0.000000
691 1542007139 794315.000000 -1.000000 -101.000000 0.000000 0.000000
691 1542007140 794315.000000 -1.000000 -101.000000 0.000000 0.000000
691 1542007141 794315.000000 -1.000000 -101.000000 0.000000 0.000000
691 1542007142 209960.400000 -1.000000 -101.000000 0.000000 0.000000
691 1542007143 209960.400000 -1.000000 -101.000000 0.000000 0.000000
691 1542007144 209960.400000 -1.000000 -101.000000 0.000000 0.000000
691 1542007145 209960.400000 -1.000000 -101.000000 0.000000 0.000000
691 1542007146 209960.400000 -1.000000 -101.000000 0.000000 0.000000
691 1542007147 389342.400000 -1.000000 -101.000000 0.000000 0.000000
691 1542007148 389342.400000 -1.000000 -101.000000 0.000000 0.000000
691 1542007149 389342.400000 -1.000000 -101.000000 0.000000 0.000000
691 1542007150 389342.400000 -1.000000 -101.000000 0.000000 0.000000
691 1542007151 389342.400000 -1.000000 -101.000000 0.000000 0.000000
691 1542007152 1199.200000 -1.000000 -101.000000 0.000000 0.000000
691 1542007153 1199.200000 -1.000000 -101.000000 0.000000 0.000000
691 1542007154 1199.200000 -1.000000 -101.000000 0.000000 0.000000
691 1542007155 1199.200000 -1.000000 -101.000000 0.000000 0.000000
691 1542007156 1199.200000 -1.000000 -101.000000 0.000000 0.000000
691 1542007221 52.000000 -1.000000 52.000000 52.000000 540.800000
691 1542007220 52.000000 -1.000000 52.000000 52.000000 540.800000
691 1542007219 52.000000 -1.000000 52.000000 52.000000 540.800000
691 1542007218 52.000000 -1.000000 52.000000 52.000000 540.800000
691 1542007217 52.000000 -1.000000 52.000000 52.000000 540.800000
691 1542007211 570.200000 -1.000000 570.200000 570.200000 65025.608000
691 1542007210 570.200000 -1.000000 570.200000 570.200000 65025.608000
691 1542007209 570.200000 -1.000000 570.200000 570.200000 65025.608000
691 1542007208 570.200000 -1.000000 570.200000 570.200000 65025.608000
691 1542007207 570.200000 -1.000000 570.200000 570.200000 65025.608000
691 1542007206 199.200000 -1.000000 199.200000 199.200000 7936.128000
691 1542007205 199.200000 -1.000000 199.200000 199.200000 7936.128000
691 1542007204 199.200000 -1.000000 199.200000 199.200000 7936.128000
691 1542007203 199.200000 -1.000000 199.200000 199.200000 7936.128000
691 1542007202 199.200000 -1.000000 199.200000 199.200000 7936.128000
691 1542007201 52.000000 -1.000000 52.000000 52.000000 540.800000
691 1542007200 52.000000 -1.000000 52.000000 52.000000 540.800000
691 1542007199 52.000000 -1.000000 52.000000 52.000000 540.800000
691 1542007198 52.000000 -1.000000 52.000000 52.000000 540.800000
691 1542007197 52.000000 -1.000000 52.000000 52.000000 540.800000
691 1542007196 355.600000 -1.000000 355.600000 355.600000 25290.272000
691 1542007195 355.600000 -1.000000 355.600000 355.600000 25290.272000
691 1542007194 355.600000 -1.000000 355.600000 355.600000 25290.272000
691 1542007193 355.600000 -1.000000 355.600000 355.600000 25290.272000
691 1542007192 355.600000 -1.000000 355.600000 355.600000 25290.272000
691 1542007191 168.000000 -1.000000 168.000000 168.000000 5644.800000
691 1542007190 168.000000 -1.000000 168.000000 168.000000 5644.800000
691 1542007189 168.000000 -1.000000 168.000000 168.000000 5644.800000
691 1542007188 168.000000 -1.000000 168.000000 168.000000 5644.800000
691 1542007187 168.000000 -1.000000 168.000000 168.000000 5644.800000
691 1542007186 124974.200000 -1.000000 124974.200000 124974.200000 3123710133.128000
691 1542007185 124974.200000 -1.000000 124974.200000 124974.200000 3123710133.128000
691 1542007184 124974.200000 -1.000000 124974.200000 124974.200000 3123710133.128000
691 1542007183 124974.200000 -1.000000 124974.200000 124974.200000 3123710133.128000
691 1542007182 124974.200000 -1.000000 124974.200000 124974.200000 3123710133.128000
691 1542007181 426580.400000 -1.000000 426580.400000 426580.400000 36394167532.832008
691 1542007180 426580.400000 -1.000000 426580.400000 426580.400000 36394167532.832008
691 1542007179 426580.400000 -1.000000 426580.400000 426580.400000 36394167532.832008
691 1542007178 426580.400000 -1.000000 426580.400000 426580.400000 36394167532.832008
691 1542007177 426580.400000 -1.000000 426580.400000 426580.400000 36394167532.832008
691 1542007176 7679.000000 -1.000000 7679.000000 7679.000000 11793408.200000
691 1542007175 7679.000000 -1.000000 7679.000000 7679.000000 11793408.200000
691 1542007174 7679.000000 -1.000000 7679.000000 7679.000000 11793408.200000
691 1542007173 7679.000000 -1.000000 7679.000000 7679.000000 11793408.200000
691 1542007172 7679.000000 -1.000000 7679.000000 7679.000000 11793408.200000
691 1542007166 79863.800000 -1.000000 79863.800000 79863.800000 1275645310.088000
691 1542007165 79863.800000 -1.000000 79863.800000 79863.800000 1275645310.088000
691 1542007164 79863.800000 -1.000000 79863.800000 79863.800000 1275645310.088000
691 1542007163 79863.800000 -1.000000 79863.800000 79863.800000 1275645310.088000
691 1542007162 79863.800000 -1.000000 79863.800000 79863.800000 1275645310.088000
