567 1542006044 0.800000 -1.000000 -101.000000 0.000000 0.000000
567 1542006045 0.800000 -1.000000 -101.000000 0.000000 0.000000
576 1542006049 23.200000 -1.000000 -101.000000 0.000000 0.000000
576 1542006050 23.200000 -1.000000 -101.000000 0.000000 0.000000
567 1542006046 0.800000 -1.000000 -101.000000 0.000000 0.000000
567 1542006047 0.800000 -1.000000 -101.000000 0.000000 0.000000
567 1542006048 0.800000 -1.000000 -101.000000 0.000000 0.000000
567 1542006049 0.200000 -1.000000 -101.000000 0.000000 0.000000
567 1542006050 0.200000 -1.000000 -101.000000 0.000000 0.000000
576 1542006051 23.200000 -1.000000 -101.000000 0.000000 0.000000
576 1542006052 23.200000 -1.000000 -101.000000 0.000000 0.000000
576 1542006053 23.200000 -1.000000 -101.000000 0.000000 0.000000
576 1542006054 5.800000 -1.000000 -101.000000 0.000000 0.000000
576 1542006055 5.800000 -1.000000 -101.000000 0.000000 0.000000
576 1542006056 5.800000 -1.000000 -101.000000 0.000000 0.000000
576 1542006057 5.800000 -1.000000 -101.000000 0.000000 0.000000
576 1542006058 5.800000 -1.000000 -101.000000 0.000000 0.000000
576 1542006059 6.000000 -1.000000 -101.000000 0.000000 0.000000
576 1542006060 6.000000 -1.000000 -101.000000 0.000000 0.000000
576 1542006061 6.000000 -1.000000 -101.000000 0.000000 0.000000
576 1542006062 6.000000 -1.000000 -101.000000 0.000000 0.000000
576 1542006063 6.000000 -1.000000 -101.000000 0.000000 0.000000
576 1542006064 24.000000 -1.000000 -101.000000 0.000000 0.000000
576 1542006065 24.000000 -1.000000 -101.000000 0.000000 0.000000
576 1542006066 24.000000 -1.000000 -101.000000 0.000000 0.000000
576 1542006067 24.000000 -1.000000 -101.000000 0.000000 0.000000
576 1542006068 24.000000 -1.000000 -101.000000 0.000000 0.000000
576 1542006069 18.200000 -1.000000 -101.000000 0.000000 0.000000
576 1542006070 18.200000 -1.000000 -101.000000 0.000000 0.000000
576 1542006071 18.200000 -1.000000 -101.000000 0.000000 0.000000
576 1542006072 18.200000 -1.000000 -101.000000 0.000000 0.000000
576 1542006073 18.200000 -1.000000 -101.000000 0.000000 0.000000
576 1542006074 14.800000 -1.000000 -101.000000 0.000000 0.000000
576 1542006075 14.800000 -1.000000 -101.000000 0.000000 0.000000
576 1542006076 14.800000 -1.000000 -101.000000 0.000000 0.000000
576 1542006077 14.800000 -1.000000 -101.000000 0.000000 0.000000
576 1542006078 14.800000 -1.000000 -101.000000 0.000000 0.000000
576 1542006079 0.200000 -1.000000 -101.000000 0.000000 0.000000
576 1542006080 0.200000 -1.000000 -101.000000 0.000000 0.000000
576 1542006081 0.200000 -1.000000 -101.000000 0.000000 0.000000
576 1542006082 0.200000 -1.000000 -101.000000 0.000000 0.000000
576 1542006083 0.200000 -1.000000 -101.000000 0.000000 0.000000
576 1542006084 0.200000 -1.000000 -101.000000 0.000000 0.000000
576 1542006085 0.200000 -1.000000 -101.000000 0.000000 0.000000
576 1542006086 0.200000 -1.000000 -101.000000 0.000000 0.000000
576 1542006087 0.200000 -1.000000 -101.000000 0.000000 0.000000
576 1542006088 0.200000 -1.000000 -101.000000 0.000000 0.000000
576 1542006089 35.000000 -1.000000 -101.000000 0.000000 0.000000
576 1542006090 35.000000 -1.000000 -101.000000 0.000000 0.000000
576 1542006091 35.000000 -1.000000 -101.000000 0.000000 0.000000
576 1542006092 35.000000 -1.000000 -101.000000 0.000000 0.000000
576 1542006093 35.000000 -1.000000 -101.000000 0.000000 0.000000
576 1542006094 12.600000 -1.000000 -101.000000 0.000000 0.000000
576 1542006095 12.600000 -1.000000 -101.000000 0.000000 0.000000
576 1542006096 12.600000 -1.000000 -101.000000 0.000000 0.000000
576 1542006097 12.600000 -1.000000 -101.000000 0.000000 0.000000
576 1542006098 12.600000 -1.000000 -101.000000 0.000000 0.000000
576 1542006099 13.600000 -1.000000 -101.000000 0.000000 0.000000
576 1542006100 13.600000 -1.000000 -101.000000 0.000000 0.000000
576 1542006101 13.600000 -1.000000 -101.000000 0.000000 0.000000
576 1542006102 13.600000 -1.000000 -101.000000 0.000000 0.000000
576 1542006103 13.600000 -1.000000 -101.000000 0.000000 0.000000
576 1542006104 6.800000 -1.000000 -101.000000 0.000000 0.000000
576 1542006105 6.800000 -1.000000 -101.000000 0.000000 0.000000
576 1542006106 6.800000 -1.000000 -101.000000 0.000000 0.000000
576 1542006107 6.800000 -1.000000 -101.000000 0.000000 0.000000
576 1542006108 6.800000 -1.000000 -101.000000 0.000000 0.000000
576 1542006109 13.400000 -1.000000 -101.000000 0.000000 0.000000
576 1542006110 13.400000 -1.000000 -101.000000 0.000000 0.000000
576 1542006173 3.800000 -1.000000 3.800000 3.800000 57.760000
576 1542006172 3.800000 -1.000000 3.800000 3.800000 57.760000
576 1542006171 3.800000 -1.000000 3.800000 3.800000 57.760000
576 1542006170 3.800000 -1.000000 3.800000 3.800000 57.760000
576 1542006169 3.800000 -1.000000 3.800000 3.800000 57.760000
576 1542006168 4.200000 -1.000000 4.200000 4.200000 70.560000
576 1542006167 4.200000 -1.000000 4.200000 4.200000 70.560000
576 1542006166 4.200000 -1.000000 4.200000 4.200000 70.560000
576 1542006165 4.200000 -1.000000 4.200000 4.200000 70.560000
576 1542006164 4.200000 -1.000000 4.200000 4.200000 70.560000
576 1542006158 1.000000 -1.000000 1.000000 1.000000 4.000000
576 1542006157 1.000000 -1.000000 1.000000 1.000000 4.000000
576 1542006156 1.000000 -1.000000 1.000000 1.000000 4.000000
576 1542006155 1.000000 -1.000000 1.000000 1.000000 4.000000
576 1542006154 1.000000 -1.000000 1.000000 1.000000 4.000000
576 1542006153 2.000000 -1.000000 2.000000 2.000000 16.000000
576 1542006152 2.000000 -1.000000 2.000000 2.000000 16.000000
576 1542006151 2.000000 -1.000000 2.000000 2.000000 16.000000
576 1542006150 2.000000 -1.000000 2.000000 2.000000 16.000000
576 1542006149 2.000000 -1.000000 2.000000 2.000000 16.000000
576 1542006148 7.400000 -1.000000 7.400000 7.400000 219.040000
576 1542006147 7.400000 -1.000000 7.400000 7.400000 219.040000
576 1542006146 7.400000 -1.000000 7.400000 7.400000 219.040000
576 1542006145 7.400000 -1.000000 7.400000 7.400000 219.040000
576 1542006144 7.400000 -1.000000 7.400000 7.400000 219.040000
576 1542006143 13.200000 -1.000000 13.200000 13.200000 696.960000
576 1542006142 13.200000 -1.000000 13.200000 13.200000 696.960000
576 1542006141 13.200000 -1.000000 13.200000 13.200000 696.960000
576 1542006140 13.200000 -1.000000 13.200000 13.200000 696.960000
576 1542006139 13.200000 -1.000000 13.200000 13.200000 696.960000
576 1542006138 7.000000 -1.000000 7.000000 7.000000 196.000000
576 1542006137 7.000000 -1.000000 7.000000 7.000000 196.000000
576 1542006136 7.000000 -1.000000 7.000000 7.000000 196.000000
576 1542006135 7.000000 -1.000000 7.000000 7.000000 196.000000
576 1542006134 7.000000 -1.000000 7.000000 7.000000 196.000000
576 1542006133 8.600000 -1.000000 8.600000 8.600000 295.840000
576 1542006132 8.600000 -1.000000 8.600000 8.600000 295.840000
576 1542006131 8.600000 -1.000000 8.600000 8.600000 295.840000
576 1542006130 8.600000 -1.000000 8.600000 8.600000 295.840000
576 1542006129 8.600000 -1.000000 8.600000 8.600000 295.840000
576 1542006128 0.200000 -1.000000 0.200000 0.200000 0.160000
576 1542006127 0.200000 -1.000000 0.200000 0.200000 0.160000
576 1542006126 0.200000 -1.000000 0.200000 0.200000 0.160000
576 1542006125 0.200000 -1.000000 0.200000 0.200000 0.160000
576 1542006124 0.200000 -1.000000 0.200000 0.200000 0.160000
576 1542006123 25.600000 -1.000000 25.600000 25.600000 2621.440000
576 1542006122 25.600000 -1.000000 25.600000 25.600000 2621.440000
576 1542006121 25.600000 -1.000000 25.600000 25.600000 2621.440000
576 1542006120 25.600000 -1.000000 25.600000 25.600000 2621.440000
576 1542006119 25.600000 -1.000000 25.600000 25.600000 2621.440000
576 1542006118 17.200000 -1.000000 17.200000 17.200000 1183.360000
576 1542006117 17.200000 -1.000000 17.200000 17.200000 1183.360000
576 1542006116 17.200000 -1.000000 17.200000 17.200000 1183.360000
576 1542006115 17.200000 -1.000000 17.200000 17.200000 1183.360000
576 1542006114 17.200000 -1.000000 17.200000 17.200000 1183.360000
576 1542006113 13.400000 -1.000000 13.400000 13.400000 718.240000
576 1542006112 13.400000 -1.000000 13.400000 13.400000 718.240000
576 1542006111 13.400000 -1.000000 13.400000 13.400000 718.240000
567 1542006113 0.800000 -1.000000 0.800000 0.800000 2.560000
567 1542006112 0.800000 -1.000000 0.800000 0.800000 2.560000
567 1542006111 0.800000 -1.000000 0.800000 0.800000 2.560000
567 1542006110 0.800000 -1.000000 0.800000 0.800000 2.560000
567 1542006109 0.800000 -1.000000 0.800000 0.800000 2.560000
567 1542006108 0.200000 -1.000000 0.200000 0.200000 0.160000
567 1542006107 0.200000 -1.000000 0.200000 0.200000 0.160000
567 1542006106 0.200000 -1.000000 0.200000 0.200000 0.160000
567 1542006105 0.200000 -1.000000 0.200000 0.200000 0.160000
567 1542006104 0.200000 -1.000000 0.200000 0.200000 0.160000
567 1542006093 0.200000 -1.000000 0.200000 0.200000 0.160000
567 1542006092 0.200000 -1.000000 0.200000 0.200000 0.160000
567 1542006091 0.200000 -1.000000 0.200000 0.200000 0.160000
567 1542006090 0.200000 -1.000000 0.200000 0.200000 0.160000
567 1542006089 0.200000 -1.000000 0.200000 0.200000 0.160000
567 1542006088 0.800000 -1.000000 0.800000 0.800000 2.560000
567 1542006087 0.800000 -1.000000 0.800000 0.800000 2.560000
567 1542006086 0.800000 -1.000000 0.800000 0.800000 2.560000
567 1542006085 0.800000 -1.000000 0.800000 0.800000 2.560000
567 1542006084 0.800000 -1.000000 0.800000 0.800000 2.560000
567 1542006073 0.400000 -1.000000 0.400000 0.400000 0.640000
567 1542006072 0.400000 -1.000000 0.400000 0.400000 0.640000
567 1542006071 0.400000 -1.000000 0.400000 0.400000 0.640000
567 1542006070 0.400000 -1.000000 0.400000 0.400000 0.640000
567 1542006069 0.400000 -1.000000 0.400000 0.400000 0.640000
567 1542006068 0.600000 -1.000000 0.600000 0.600000 1.440000
567 1542006067 0.600000 -1.000000 0.600000 0.600000 1.440000
567 1542006066 0.600000 -1.000000 0.600000 0.600000 1.440000
567 1542006065 0.600000 -1.000000 0.600000 0.600000 1.440000
567 1542006064 0.600000 -1.000000 0.600000 0.600000 1.440000
567 1542006053 0.200000 -1.000000 0.200000 0.200000 0.160000
567 1542006052 0.200000 -1.000000 0.200000 0.200000 0.160000
567 1542006051 0.200000 -1.000000 0.200000 0.200000 0.160000
