304 1542003730 0.000000 0.000000 -101.000000 0.000000 0.000000
304 1542003731 0.000000 0.000000 -101.000000 0.000000 0.000000
304 1542003732 0.000000 0.000000 -101.000000 0.000000 0.000000
304 1542003733 0.000000 0.000000 -101.000000 0.000000 0.000000
304 1542003734 2.000000 0.200000 0.400000 0.400000 -20.200000
304 1542003735 2.000000 0.200000 0.800000 0.800000 -20.200000
304 1542003736 2.000000 0.200000 1.200000 1.200000 -20.200000
304 1542003737 2.000000 0.200000 1.600000 1.600000 -20.200000
304 1542003738 2.000000 0.200000 2.000000 2.000000 -20.200000
304 1542003739 1.000000 0.400000 2.400000 2.400000 -20.200000
304 1542003740 1.000000 0.400000 2.800000 2.800000 -20.200000
304 1542003741 1.000000 0.400000 3.200000 3.200000 -20.200000
304 1542003742 1.000000 0.400000 3.600000 3.600000 -20.200000
304 1542003743 1.000000 0.400000 4.000000 4.000000 -20.200000
304 1542003744 1.000000 0.800000 4.800000 4.800000 -20.200000
304 1542003745 1.000000 0.800000 5.600000 5.600000 -20.200000
304 1542003746 1.000000 0.800000 6.400000 6.400000 -20.200000
304 1542003747 1.000000 0.800000 7.200000 7.200000 -20.200000
304 1542003748 1.000000 0.800000 8.000000 8.000000 -20.200000
304 1542003749 0.000000 0.800000 8.000000 8.000000 -20.200000
304 1542003750 0.000000 0.800000 8.000000 8.000000 -20.200000
304 1542003751 0.000000 0.800000 8.000000 8.000000 -20.200000
304 1542003752 0.000000 0.800000 8.000000 8.000000 -20.200000
304 1542003753 0.000000 0.800000 8.000000 8.000000 -20.200000
304 1542003754 0.400000 1.000000 8.400000 8.400000 -20.200000
304 1542003755 0.400000 1.000000 8.800000 8.800000 -20.200000
304 1542003756 0.400000 1.000000 9.200000 9.200000 -20.200000
304 1542003757 0.400000 1.000000 9.600000 9.600000 -20.200000
304 1542003758 0.400000 1.000000 10.000000 10.000000 -20.200000
304 1542003759 0.333333 1.200000 10.400000 10.400000 -20.200000
304 1542003760 0.333333 1.200000 10.800000 10.800000 -20.200000
304 1542003761 0.333333 1.200000 11.200000 11.200000 -20.200000
304 1542003762 0.333333 1.200000 11.600000 11.600000 -20.200000
304 1542003824 -20.000000 1.000000 0.000000 0.000000 10601.000000
304 1542003823 0.000000 0.200000 20.000000 20.000000 2040.200000
304 1542003822 0.000000 0.200000 20.000000 20.000000 2040.200000
304 1542003821 0.000000 0.200000 20.000000 20.000000 2040.200000
304 1542003820 0.000000 0.200000 20.000000 20.000000 2040.200000
304 1542003819 0.000000 0.200000 20.000000 20.000000 2040.200000
304 1542003818 0.000000 0.200000 20.000000 20.000000 2040.200000
304 1542003817 0.000000 0.200000 20.000000 20.000000 2040.200000
304 1542003816 0.000000 0.200000 20.000000 20.000000 2040.200000
304 1542003815 0.000000 0.200000 20.000000 20.000000 2040.200000
304 1542003814 0.000000 0.200000 20.000000 20.000000 2040.200000
304 1542003813 0.000000 0.200000 20.000000 20.000000 2040.200000
304 1542003812 0.000000 0.200000 20.000000 20.000000 2040.200000
304 1542003811 0.000000 0.200000 20.000000 20.000000 2040.200000
304 1542003810 0.000000 0.200000 20.000000 20.000000 2040.200000
304 1542003809 0.000000 0.200000 20.000000 20.000000 2040.200000
304 1542003808 0.000000 0.200000 20.000000 20.000000 2040.200000
304 1542003807 0.000000 0.200000 20.000000 20.000000 2040.200000
304 1542003806 0.000000 0.200000 20.000000 20.000000 2040.200000
304 1542003805 0.000000 0.200000 20.000000 20.000000 2040.200000
304 1542003804 0.000000 0.200000 20.000000 20.000000 2040.200000
304 1542003803 0.000000 0.200000 20.000000 20.000000 2040.200000
304 1542003802 0.000000 0.200000 20.000000 20.000000 2040.200000
304 1542003801 0.000000 0.200000 20.000000 20.000000 2040.200000
304 1542003800 0.000000 0.200000 20.000000 20.000000 2040.200000
304 1542003799 0.000000 0.200000 20.000000 20.000000 2040.200000
304 1542003798 0.000000 0.200000 20.000000 20.000000 2040.200000
304 1542003797 0.000000 0.200000 20.000000 20.000000 2040.200000
304 1542003796 0.000000 0.200000 20.000000 20.000000 2040.200000
304 1542003795 0.000000 0.200000 20.000000 20.000000 2040.200000
304 1542003794 0.000000 0.200000 20.000000 20.000000 2040.200000
304 1542003793 0.000000 0.200000 20.000000 20.000000 2040.200000
304 1542003792 0.000000 0.200000 20.000000 20.000000 2040.200000
304 1542003791 0.000000 0.200000 20.000000 20.000000 2040.200000
304 1542003790 0.000000 0.200000 20.000000 20.000000 2040.200000
304 1542003789 0.000000 0.200000 20.000000 20.000000 2040.200000
304 1542003788 0.000000 0.200000 20.000000 20.000000 2040.200000
304 1542003787 0.000000 0.200000 20.000000 20.000000 2040.200000
304 1542003786 0.000000 0.200000 20.000000 20.000000 2040.200000
304 1542003785 0.000000 0.200000 20.000000 20.000000 2040.200000
304 1542003784 0.000000 0.200000 20.000000 20.000000 2040.200000
304 1542003783 0.000000 0.200000 20.000000 20.000000 2040.200000
304 1542003782 0.000000 0.200000 20.000000 20.000000 2040.200000
304 1542003781 0.000000 0.200000 20.000000 20.000000 2040.200000
304 1542003780 0.000000 0.200000 20.000000 20.000000 2040.200000
304 1542003779 0.000000 0.200000 20.000000 20.000000 2040.200000
304 1542003778 4.000000 0.200000 20.000000 20.000000 2040.328000
304 1542003777 4.000000 0.200000 19.200000 19.200000 2040.328000
304 1542003776 4.000000 0.200000 18.400000 18.400000 2040.328000
304 1542003775 4.000000 0.200000 17.600000 17.600000 2040.328000
304 1542003774 4.000000 0.200000 16.800000 16.800000 2040.328000
304 1542003773 2.000000 0.200000 16.000000 16.000000 2040.232000
304 1542003772 2.000000 0.200000 15.600000 15.600000 2040.232000
304 1542003771 2.000000 0.200000 15.200000 15.200000 2040.232000
304 1542003770 2.000000 0.200000 14.800000 14.800000 2040.232000
304 1542003769 2.000000 0.200000 14.400000 14.400000 2040.232000
304 1542003768 2.000000 0.200000 14.000000 14.000000 2040.232000
304 1542003767 2.000000 0.200000 13.600000 13.600000 2040.232000
304 1542003766 2.000000 0.200000 13.200000 13.200000 2040.232000
304 1542003765 2.000000 0.200000 12.800000 12.800000 2040.232000
304 1542003764 2.000000 0.200000 12.400000 12.400000 2040.232000
304 1542003763 2.000000 0.200000 12.000000 12.000000 2040.232000
