barCode_add2
20140066
20140067
20140068
20140069
20140070
20140071
20140072
20140073
20140074
20140075
20140076
20140077
20140078
20140079
20140080
20140081
20140082
20140083
20140084
20140085
20140086
20140087
20140088
20140089
20140090
20140091
20140092
20140093
20140094
20140095
20140096
20140097
20140098
20140099
20140100
20140101
20140102
20140103
20140104
20140105
20140106
20140107
20140108
20140109
20140110
20140111
20140112
20140113
20140114
20140115
20140116
20140117
20140118
20140119
20140120
20140121
20140122
20140123
20140124
20140125
