750 1542007399 0.000000 0.000000 -101.000000 0.000000 0.000000
750 1542007400 0.000000 0.000000 -101.000000 0.000000 0.000000
750 1542007401 0.000000 0.000000 -101.000000 0.000000 0.000000
750 1542007402 0.000000 0.000000 -101.000000 0.000000 0.000000
750 1542007403 2.000000 1.000000 2.000000 2.000000 -20.200000
750 1542007404 2.000000 1.000000 4.000000 4.000000 -20.200000
750 1542007405 2.000000 1.000000 6.000000 6.000000 -20.200000
750 1542007406 2.000000 1.000000 8.000000 8.000000 -20.200000
750 1542007407 2.000000 1.000000 10.000000 10.000000 -20.200000
750 1542007408 0.000000 1.000000 10.000000 10.000000 -20.200000
750 1542007409 0.000000 1.000000 10.000000 10.000000 -20.200000
750 1542007410 0.000000 1.000000 10.000000 10.000000 -20.200000
750 1542007411 0.000000 1.000000 10.000000 10.000000 -20.200000
750 1542007412 0.000000 1.000000 10.000000 10.000000 -20.200000
750 1542007413 0.000000 1.000000 10.000000 10.000000 -20.200000
750 1542007414 0.000000 1.000000 10.000000 10.000000 -20.200000
750 1542007415 0.000000 1.000000 10.000000 10.000000 -20.200000
750 1542007416 0.000000 1.000000 10.000000 10.000000 -20.200000
750 1542007417 0.000000 1.000000 10.000000 10.000000 -20.200000
750 1542007418 0.000000 1.000000 10.000000 10.000000 -20.200000
750 1542007419 0.000000 1.000000 10.000000 10.000000 -20.200000
750 1542007420 0.000000 1.000000 10.000000 10.000000 -20.200000
750 1542007421 0.000000 1.000000 10.000000 10.000000 -20.200000
750 1542007422 0.000000 1.000000 10.000000 10.000000 -20.200000
750 1542007423 0.888889 1.800000 11.600000 11.600000 -20.200000
750 1542007424 0.888889 1.800000 13.200000 13.200000 -20.200000
750 1542007425 0.888889 1.800000 14.800000 14.800000 -20.200000
750 1542007426 0.888889 1.800000 16.400000 16.400000 -20.200000
750 1542007427 0.888889 1.800000 18.000000 18.000000 -20.200000
750 1542007428 0.200000 2.000000 18.400000 18.400000 -20.200000
750 1542007429 0.200000 2.000000 18.800000 18.800000 -20.200000
750 1542007430 0.200000 2.000000 19.200000 19.200000 -20.200000
750 1542007431 0.200000 2.000000 19.600000 19.600000 -20.200000
750 1542007432 0.200000 2.000000 20.000000 20.000000 -20.200000
750 1542007433 0.000000 2.000000 20.000000 20.000000 -20.200000
750 1542007434 0.000000 2.000000 20.000000 20.000000 -20.200000
750 1542007435 0.000000 2.000000 20.000000 20.000000 -20.200000
750 1542007436 0.000000 2.000000 20.000000 20.000000 -20.200000
750 1542007437 0.000000 2.000000 20.000000 20.000000 -20.200000
750 1542007438 0.000000 2.000000 20.000000 20.000000 -20.200000
750 1542007439 0.000000 2.000000 20.000000 20.000000 -20.200000
750 1542007440 0.000000 2.000000 20.000000 20.000000 -20.200000
750 1542007441 0.000000 2.000000 20.000000 20.000000 -20.200000
750 1542007442 0.000000 2.000000 20.000000 20.000000 -20.200000
750 1542007443 0.333333 2.400000 20.800000 20.800000 -20.200000
750 1542007444 0.333333 2.400000 21.600000 21.600000 -20.200000
750 1542007445 0.333333 2.400000 22.400000 22.400000 -20.200000
750 1542007446 0.333333 2.400000 23.200000 23.200000 -20.200000
750 1542007447 0.333333 2.400000 24.000000 24.000000 -20.200000
750 1542007448 0.400000 3.000000 25.200000 25.200000 -20.200000
750 1542007449 0.400000 3.000000 26.400000 26.400000 -20.200000
750 1542007450 0.400000 3.000000 27.600000 27.600000 -20.200000
750 1542007451 0.400000 3.000000 28.800000 28.800000 -20.200000
750 1542007452 0.400000 3.000000 30.000000 30.000000 -20.200000
750 1542007453 0.000000 3.000000 30.000000 30.000000 -20.200000
750 1542007454 0.000000 3.000000 30.000000 30.000000 -20.200000
750 1542007455 0.000000 3.000000 30.000000 30.000000 -20.200000
750 1542007456 0.000000 3.000000 30.000000 30.000000 -20.200000
750 1542007457 0.000000 3.000000 30.000000 30.000000 -20.200000
750 1542007458 0.000000 3.000000 30.000000 30.000000 -20.200000
750 1542007459 0.000000 3.000000 30.000000 30.000000 -20.200000
750 1542007460 0.000000 3.000000 30.000000 30.000000 -20.200000
750 1542007461 0.000000 3.000000 30.000000 30.000000 -20.200000
750 1542007462 0.000000 3.000000 30.000000 30.000000 -20.200000
750 1542007463 0.500000 4.000000 32.000000 32.000000 -20.200000
750 1542007464 0.500000 4.000000 34.000000 34.000000 -20.200000
750 1542007465 0.500000 4.000000 36.000000 36.000000 -20.200000
750 1542007466 0.500000 4.000000 38.000000 38.000000 -20.200000
750 1542007467 0.500000 4.000000 40.000000 40.000000 -20.200000
750 1542007468 0.000000 4.000000 40.000000 40.000000 -20.200000
750 1542007469 0.000000 4.000000 40.000000 40.000000 -20.200000
750 1542007470 0.000000 4.000000 40.000000 40.000000 -20.200000
750 1542007471 0.000000 4.000000 40.000000 40.000000 -20.200000
750 1542007472 0.000000 4.000000 40.000000 40.000000 -20.200000
750 1542007473 0.000000 4.000000 40.000000 40.000000 -20.200000
750 1542007474 0.000000 4.000000 40.000000 40.000000 -20.200000
750 1542007475 0.000000 4.000000 40.000000 40.000000 -20.200000
750 1542007476 0.000000 4.000000 40.000000 40.000000 -20.200000
750 1542007477 0.000000 4.000000 40.000000 40.000000 -20.200000
750 1542007478 0.000000 4.000000 40.000000 40.000000 -20.200000
750 1542007479 0.000000 4.000000 40.000000 40.000000 -20.200000
750 1542007480 0.000000 4.000000 40.000000 40.000000 -20.200000
750 1542007481 0.000000 4.000000 40.000000 40.000000 -20.200000
750 1542007482 0.000000 4.000000 40.000000 40.000000 -20.200000
750 1542007483 0.000000 4.200000 40.000000 40.000000 -20.200000
750 1542007484 0.000000 4.200000 40.000000 40.000000 -20.200000
750 1542007485 0.000000 4.200000 40.000000 40.000000 -20.200000
750 1542007486 0.000000 4.200000 40.000000 40.000000 -20.200000
750 1542007487 0.000000 4.200000 40.000000 40.000000 -20.200000
750 1542007488 0.000000 4.200000 40.000000 40.000000 -20.200000
750 1542007489 0.000000 4.200000 40.000000 40.000000 -20.200000
750 1542007490 0.000000 4.200000 40.000000 40.000000 -20.200000
750 1542007491 0.000000 4.200000 40.000000 40.000000 -20.200000
750 1542007492 0.000000 4.200000 40.000000 40.000000 -20.200000
750 1542007493 0.000000 4.200000 40.000000 40.000000 -20.200000
750 1542007494 0.000000 4.200000 40.000000 40.000000 -20.200000
750 1542007495 0.000000 4.200000 40.000000 40.000000 -20.200000
750 1542007496 0.000000 4.200000 40.000000 40.000000 -20.200000
750 1542007497 0.000000 4.200000 40.000000 40.000000 -20.200000
750 1542007498 0.000000 4.200000 40.000000 40.000000 -20.200000
750 1542007499 0.000000 4.200000 40.000000 40.000000 -20.200000
750 1542007500 0.000000 4.200000 40.000000 40.000000 -20.200000
750 1542007501 0.000000 4.200000 40.000000 40.000000 -20.200000
750 1542007502 0.000000 4.200000 40.000000 40.000000 -20.200000
750 1542007503 0.000000 4.200000 40.000000 40.000000 -20.200000
750 1542007504 0.000000 4.200000 40.000000 40.000000 -20.200000
750 1542007505 0.000000 4.200000 40.000000 40.000000 -20.200000
750 1542007506 0.000000 4.200000 40.000000 40.000000 -20.200000
750 1542007507 0.000000 4.200000 40.000000 40.000000 -20.200000
750 1542007508 0.000000 4.200000 40.000000 40.000000 -20.200000
750 1542007509 0.000000 4.200000 40.000000 40.000000 -20.200000
750 1542007510 0.000000 4.200000 40.000000 40.000000 -20.200000
750 1542007511 0.000000 4.200000 40.000000 40.000000 -20.200000
750 1542007512 0.000000 4.200000 40.000000 40.000000 -20.200000
750 1542007513 0.000000 4.200000 40.000000 40.000000 -20.200000
750 1542007514 0.000000 4.200000 40.000000 40.000000 -20.200000
750 1542007515 0.000000 4.200000 40.000000 40.000000 -20.200000
750 1542007516 0.000000 4.200000 40.000000 40.000000 -20.200000
750 1542007517 0.000000 4.200000 40.000000 40.000000 -20.200000
750 1542007518 0.000000 4.200000 40.000000 40.000000 -20.200000
750 1542007519 0.000000 4.200000 40.000000 40.000000 -20.200000
750 1542007520 0.000000 4.200000 40.000000 40.000000 -20.200000
750 1542007521 0.000000 4.200000 40.000000 40.000000 -20.200000
750 1542007522 0.000000 4.200000 40.000000 40.000000 -20.200000
750 1542007523 0.000000 4.200000 40.000000 40.000000 -20.200000
750 1542007524 0.000000 4.200000 40.000000 40.000000 -20.200000
750 1542007525 0.000000 4.200000 40.000000 40.000000 -20.200000
750 1542007526 0.000000 4.200000 40.000000 40.000000 -20.200000
750 1542007527 0.000000 4.200000 40.000000 40.000000 -20.200000
750 1542007528 -0.086957 4.600000 39.600000 39.600000 -20.200000
750 1542007529 -0.086957 4.600000 39.200000 39.200000 -20.200000
750 1542007530 -0.086957 4.600000 38.800000 38.800000 -20.200000
750 1542007531 -0.086957 4.600000 38.400000 38.400000 -20.200000
750 1542007532 -0.086957 4.600000 38.000000 38.000000 -20.200000
750 1542007533 0.000000 4.600000 38.000000 38.000000 -20.200000
750 1542007534 0.000000 4.600000 38.000000 38.000000 -20.200000
750 1542007535 0.000000 4.600000 38.000000 38.000000 -20.200000
750 1542007536 0.000000 4.600000 38.000000 38.000000 -20.200000
750 1542007537 0.000000 4.600000 38.000000 38.000000 -20.200000
750 1542007538 -0.080000 5.000000 37.600000 37.600000 -20.200000
750 1542007539 -0.080000 5.000000 37.200000 37.200000 -20.200000
750 1542007540 -0.080000 5.000000 36.800000 36.800000 -20.200000
750 1542007541 -0.080000 5.000000 36.400000 36.400000 -20.200000
750 1542007542 -0.080000 5.000000 36.000000 36.000000 -20.200000
750 1542007543 -0.074074 5.400000 35.600000 35.600000 -20.200000
750 1542007544 -0.074074 5.400000 35.200000 35.200000 -20.200000
750 1542007545 -0.074074 5.400000 34.800000 34.800000 -20.200000
750 1542007546 -0.074074 5.400000 34.400000 34.400000 -20.200000
750 1542007547 -0.074074 5.400000 34.000000 34.000000 -20.200000
750 1542007548 0.000000 5.400000 34.000000 34.000000 -20.200000
750 1542007549 0.000000 5.400000 34.000000 34.000000 -20.200000
750 1542007550 0.000000 5.400000 34.000000 34.000000 -20.200000
750 1542007551 0.000000 5.400000 34.000000 34.000000 -20.200000
750 1542007552 0.000000 5.400000 34.000000 34.000000 -20.200000
750 1542007553 0.000000 5.400000 34.000000 34.000000 -20.200000
750 1542007554 0.000000 5.400000 34.000000 34.000000 -20.200000
750 1542007555 0.000000 5.400000 34.000000 34.000000 -20.200000
750 1542007556 0.000000 5.400000 34.000000 34.000000 -20.200000
750 1542007557 0.000000 5.400000 34.000000 34.000000 -20.200000
750 1542007558 -0.068966 5.800000 33.600000 33.600000 -20.200000
750 1542007559 -0.068966 5.800000 33.200000 33.200000 -20.200000
750 1542007560 -0.068966 5.800000 32.800000 32.800000 -20.200000
750 1542007561 -0.068966 5.800000 32.400000 32.400000 -20.200000
750 1542007562 -0.068966 5.800000 32.000000 32.000000 -20.200000
750 1542007624 -5.000000 0.500000 0.000000 0.000000 5103.625000
750 1542007623 -5.000000 0.500000 2.500000 2.500000 5103.625000
750 1542007622 0.000000 0.200000 5.000000 5.000000 2040.200000
750 1542007621 0.000000 0.200000 5.000000 5.000000 2040.200000
750 1542007620 0.000000 0.200000 5.000000 5.000000 2040.200000
750 1542007619 0.000000 0.200000 5.000000 5.000000 2040.200000
750 1542007618 0.000000 0.200000 5.000000 5.000000 2040.200000
750 1542007617 0.000000 0.200000 5.000000 5.000000 2040.200000
750 1542007616 0.000000 0.200000 5.000000 5.000000 2040.200000
750 1542007615 0.000000 0.200000 5.000000 5.000000 2040.200000
750 1542007614 0.000000 0.200000 5.000000 5.000000 2040.200000
750 1542007613 0.000000 0.200000 5.000000 5.000000 2040.200000
750 1542007612 0.000000 0.200000 5.000000 5.000000 2040.200000
750 1542007611 0.000000 0.200000 5.000000 5.000000 2040.200000
750 1542007610 0.000000 0.200000 5.000000 5.000000 2040.200000
750 1542007609 0.000000 0.200000 5.000000 5.000000 2040.200000
750 1542007608 0.000000 0.200000 5.000000 5.000000 2040.200000
750 1542007607 -9.000000 0.200000 5.000000 5.000000 2040.848000
750 1542007606 -9.000000 0.200000 6.800000 6.800000 2040.848000
750 1542007605 -9.000000 0.200000 8.600000 8.600000 2040.848000
750 1542007604 -9.000000 0.200000 10.400000 10.400000 2040.848000
750 1542007603 -9.000000 0.200000 12.200000 12.200000 2040.848000
750 1542007602 0.000000 0.200000 14.000000 14.000000 2040.200000
750 1542007601 0.000000 0.200000 14.000000 14.000000 2040.200000
750 1542007600 0.000000 0.200000 14.000000 14.000000 2040.200000
750 1542007599 0.000000 0.200000 14.000000 14.000000 2040.200000
750 1542007598 0.000000 0.200000 14.000000 14.000000 2040.200000
750 1542007597 0.000000 0.200000 14.000000 14.000000 2040.200000
750 1542007596 0.000000 0.200000 14.000000 14.000000 2040.200000
750 1542007595 0.000000 0.200000 14.000000 14.000000 2040.200000
750 1542007594 0.000000 0.200000 14.000000 14.000000 2040.200000
750 1542007593 0.000000 0.200000 14.000000 14.000000 2040.200000
750 1542007592 0.000000 0.200000 14.000000 14.000000 2040.200000
750 1542007591 0.000000 0.200000 14.000000 14.000000 2040.200000
750 1542007590 0.000000 0.200000 14.000000 14.000000 2040.200000
750 1542007589 0.000000 0.200000 14.000000 14.000000 2040.200000
750 1542007588 0.000000 0.200000 14.000000 14.000000 2040.200000
750 1542007587 -1.000000 0.200000 14.000000 14.000000 2040.208000
750 1542007586 -1.000000 0.200000 14.200000 14.200000 2040.208000
750 1542007585 -1.000000 0.200000 14.400000 14.400000 2040.208000
750 1542007584 -1.000000 0.200000 14.600000 14.600000 2040.208000
750 1542007583 -1.000000 0.200000 14.800000 14.800000 2040.208000
750 1542007582 -10.000000 0.200000 15.000000 15.000000 2041.000000
750 1542007581 -10.000000 0.200000 17.000000 17.000000 2041.000000
750 1542007580 -10.000000 0.200000 19.000000 19.000000 2041.000000
750 1542007579 -10.000000 0.200000 21.000000 21.000000 2041.000000
750 1542007578 -10.000000 0.200000 23.000000 23.000000 2041.000000
750 1542007577 0.000000 0.200000 25.000000 25.000000 2040.200000
750 1542007576 0.000000 0.200000 25.000000 25.000000 2040.200000
750 1542007575 0.000000 0.200000 25.000000 25.000000 2040.200000
750 1542007574 0.000000 0.200000 25.000000 25.000000 2040.200000
750 1542007573 0.000000 0.200000 25.000000 25.000000 2040.200000
750 1542007572 0.000000 0.200000 25.000000 25.000000 2040.200000
750 1542007571 0.000000 0.200000 25.000000 25.000000 2040.200000
750 1542007570 0.000000 0.200000 25.000000 25.000000 2040.200000
750 1542007569 0.000000 0.200000 25.000000 25.000000 2040.200000
750 1542007568 0.000000 0.200000 25.000000 25.000000 2040.200000
750 1542007567 -7.000000 0.200000 25.000000 25.000000 2040.592000
750 1542007566 -7.000000 0.200000 26.400000 26.400000 2040.592000
750 1542007565 -7.000000 0.200000 27.800000 27.800000 2040.592000
750 1542007564 -7.000000 0.200000 29.200000 29.200000 2040.592000
750 1542007563 -7.000000 0.200000 30.600000 30.600000 2040.592000
